14 20
24 24
24 4
20 16
18 11
20 15
23 29
26 9
19 20
7 17
12 18
24 18
23 23
9 24
13 0
15 25
2 0
21 25
7 27
6 25
20 23
29 15
19 21
9 12
27 10
3 27
7 27
5 13
14 8
1 11
9 29
11 18
23 10
27 20
19 4
14 13
21 27
27 19
4 16
29 22
25 5
29 17
0 15
20 1
11 3
29 8
28 7
14 3
16 13
12 22
2 25
17 15
14 1
28 20
21 14
17 14
15 10
28 7
2 17
21 27
13 27
1 27
20 22
18 10
8 29
14 11
29 1
6 18
10 23
13 26
11 4
3 10
7 2
1 29
27 25
11 2
18 29
12 6
1 13
12 13
9 28
26 29
14 29
17 2
20 27
25 9
19 27
20 6
25 18
2 26
20 4
7 26
15 16
23 21
29 13
24 0
6 10
5 11
9 13
27 18
11 9
22 24
10 24
20 0
27 14
15 4
3 15
1 5
0 16
12 27
16 2
20 15
25 7
11 16
13 6
24 27
24 11
8 20
2 6
2 23
17 6
25 14
17 10
28 26
15 9
4 23
27 20
28 4
19 23
23 11
21 5
4 28
25 7
0 1
16 7
29 29
16 29
2 9
12 27
29 15
22 26
20 20
12 3
20 18
6 19
6 28
25 3
2 1
10 24
19 6
16 27
16 6
0 22
11 25
15 29
22 3
22 4
1 9
26 0
20 17
2 26
10 22
18 9
6 14
18 16
12 12
21 27
4 29
10 15
7 26
2 25
3 13
5 22
21 6
14 26
3 28
24 21
6 14
6 27
12 11
13 23
11 24
1 16
15 26
18 29
19 6
25 17
20 14
19 20
10 3
11 24
15 22
7 21
10 25
6 29
6 21
0 10
6 16
10 24
16 25
16 9
16 29
10 12
28 28
18 17
9 0
3 2
1 2
1 10
19 21
7 12
8 13
16 1
1 11
26 23
0 26
23 4
21 18
13 16
2 8
8 2
3 0
24 8
28 8
17 14
27 15
12 11
8 8
16 27
24 4
16 12
22 23
4 26
18 20
8 29
23 26
27 12
11 25
28 16
5 13
28 16
12 25
18 25
22 12
2 9
16 0
3 5
28 12
13 12
24 10
7 27
15 13
5 5
23 8
3 5
16 4
4 16
24 12
8 14
20 13
15 14
3 13
19 17
24 26
13 21
10 18
9 1
25 18
3 19
12 2
10 8
25 15
25 15
8 4
13 22
19 24
3 8
6 20
11 5
8 7
25 4
16 11
24 10
5 28
25 2
8 29
11 27
9 9
29 8
25 15
24 6
1 8
18 5
14 17
21 15
9 12
25 13
2 5
27 1
16 4
4 6
10 2
9 9
10 15
0 9
0 8
6 1
19 23
29 15
1 12
14 26
1 3
27 18
2 21
4 27
27 10
16 8
7 12
16 11
17 29
0 29
21 11
13 2
11 9
21 28
1 3
12 17
18 10
14 15
24 3
8 16
14 25
14 4
28 22
26 17
28 16
10 29
13 27
4 20
14 14
0 8
24 22
29 5
21 1
8 29
7 26
8 5
12 1
26 16
1 18
0 24
9 3
14 26
15 20
27 9
14 23
14 13
23 7
13 8
29 21
21 6
6 23
27 22
20 17
21 25
25 21
29 26
3 5
0 8
23 25
0 24
3 17
1 18
5 7
1 12
5 25
18 6
18 6
27 27
10 23
12 22
3 16
10 23
9 20
26 26
16 18
23 18
23 1
28 27
19 13
14 4
22 29
0 18
27 19
11 22
24 7
12 19
22 29
0 21
20 23
1 24
19 18
25 14
26 16
6 29
0 24
24 14
27 14
14 26
26 11
4 6
18 28
12 23
29 20
27 29
6 7
8 16
23 5
3 4
23 2
6 4
23 18
14 16
13 12
14 12
18 18
26 8
6 5
13 28
16 4
14 9
28 27
4 19
6 27
12 20
18 5
17 13
9 2
11 16
7 16
29 6
23 21
0 4
9 4
14 14
13 12
16 9
24 9
8 1
21 20
2 12
28 24
5 10
19 22
19 23
27 20
15 22
5 17
1 18
3 15
0 3
15 26
19 10
28 23
4 13
16 23
1 3
24 26
21 11
15 26
5 5
14 14
8 27
12 19
6 26
2 12
6 18
23 10
6 17
2 18
16 0
25 5
24 5
2 17
3 3
8 4
27 26
19 1
16 10
28 19
10 15
23 18
0 7
13 9
9 2
12 18
25 8
14 8
4 9
26 6
